# Censor list for Rance 3
# Images marked with a * might be allowed in an 18+ stream.
1 # *
2 # *
3
6
8
9
32 # *
53 # *
54
70
71
72
75
77 # *
78
79
80
89
112 # *
113
115
116
117
118 # *
150
151
152
153
154
155
166
167
180
181
183
184
185
186
187
188
189
190
196
208
209
210
211
212
213
215
216
217
218
219
228
231
232
233
234
235
236
238
239
260
261
263
264
265
266
268
269
330
331
332
334
335
336
337
338
339
420
421
422
423
424
425
426
427
428
429
440
441
442
443
444
445
447
473
474
475
476
477
479
519 # *
521 # *
523
524
525
526
530
533 # *
534
535
536
537
570
571
572
581
